1  0    4.54   0.10455   0.30536  292          
2  0    14.28  0.21301   1.2906   606          
3  0    5.1    0.28066   0.50414  180          
4  0    42.81  0.065425  1.3952   2130         
5  0    10     0.31222   0.67251  215          
6  0    5.88   0.095901  0.27382  286          
7  0    7.27   0.11421   0.39144  343          
8  0    11.11  0.10529   0.40107  381          
9  0    5.26   0.090067  0.27862  309          
10 0    18.18  0.23941   0.64476  269          
11 0    2.61   0.059824  0.20154  337          
12 0    9.67   0.5417    0.8617   159          
13 0    5.55   0.09393   0.30104  320          
14 0    10     0.058626  0.33518  572          
15 0    4.41   0.049205  0.25884  526          
16 0    20     0.24885   0.82579  332          
17 0    7.14   0.14259   0.44406  311          
18 0    9.09   0.18474   0.53112  287          
19 0    18.75  1.6621    1.7755   107          
20 0    18.18  0.085577  0.50977  596          
21 0    11.11  0.80976   1.2008   148          
22 0    17.1   0.1212    1.0258   846          
23 0    5.45   0.10165   0.35029  345          
24 0    12.5   0.094269  0.44264  470          
25 0    20.83  0.5495    1.6713   304          
26 0    16.66  0.26538   0.88696  334          
27 0    33.33  0.7673    3.3673   439          
28 0    9.09   0.12484   0.53858  431          
29 0    14.28  0.098915  0.59333  600          
30 0    5.88   0.10285   0.45668  444          
31 0    12.5   0.064753  0.40339  623          
32 0    4.76   0.047048  0.32856  698          
33 0    18.18  0.097229  0.55591  572          
34 0    4.76   0.047835  0.32945  689          
35 0    20     0.10541   0.53226  505          
36 0    7.69   0.097477  0.40262  413          
37 0    6.89   0.13695   0.42345  309          
38 0    8.33   0.013201  0.22065  1670         
39 0    11.11  0.078629  0.43467  553          
40 0    4.76   0.064834  0.34992  540          
41 0    7.14   0.043667  0.3612   827          
42 0    14.28  0.13234   0.76682  579          
43 0    3.57   0.046099  0.22381  486          
44 0    20     0.079196  0.62198  785          
45 0    21.42  0.30122   1.0117   336          
46 0    22.05  0.17982   0.91112  507          
47 0    2.17   0.0054445 0.076274 1400         
48 0    10     0.031869  0.28573  897          
49 0    4.385  0.038575  0.24347  631          
50 0    9.752  0.13903   0.27036  194          
51 0    4.081  0.016976  0.10939  644          
52 0    32.478 0.26907   0.81567  303          
53 0    6.003  0.075811  0.24588  324          
54 0    19.829 0.044238  0.42934  971          
55 1    1102.5 5.1915    31.729   611          
56 1    9989   52.173    194.89   374          
57 1    15841  283.29    606.35   214          
58 0    1      0.39404   0.4887   124          
